YP_001068559	YP_001068559	100.00	207	0	0	1	207	1	207	0.0	 774	207
YP_001068559	Q49157	91.43	35	3	0	76	110	65	99	3e-86	 119	207
YP_001068559	Q49157	87.50	16	2	0	125	140	114	129	3e-86	50.7	207
YP_001068559	Q49157	80.00	15	3	0	24	38	13	27	3e-86	46.3	207
YP_001068559	Q49157	84.62	13	2	0	190	202	178	190	3e-86	46.3	207
YP_001068559	Q49157	100.00	11	0	0	61	71	50	60	3e-86	45.8	207
YP_001068559	Q49157	84.62	13	2	0	150	162	139	151	3e-86	43.8	207
YP_001068559	Q49157	100.00	10	0	0	40	49	29	38	3e-86	39.9	207
YP_001068559	Q49157	83.33	12	2	0	112	123	101	112	3e-86	36.9	207
YP_001068559	Q49157	84.62	13	2	0	190	202	178	190	9e-09	46.3	207
YP_001068559	NP_214776	63.64	33	12	0	112	144	91	123	3e-74	71.0	207
YP_001068559	NP_214776	84.21	19	3	0	55	73	34	52	3e-74	63.6	207
YP_001068559	NP_214776	83.33	18	3	0	26	43	5	22	3e-74	58.6	207
YP_001068559	NP_214776	68.42	19	6	0	146	164	125	143	3e-74	52.2	207
YP_001068559	NP_214776	80.00	15	3	0	96	110	75	89	3e-74	46.3	207
YP_001068559	NP_214776	78.57	14	3	0	80	93	59	72	3e-74	42.3	207
YP_001068559	NP_214776	80.00	10	2	0	170	179	149	158	3e-74	31.0	207
YP_001068559	NP_214776	85.71	7	1	0	191	197	165	171	3e-74	23.1	207
YP_001068559	YP_884847	94.44	18	1	0	56	73	54	71	2e-73	70.0	207
YP_001068559	YP_884847	83.33	18	3	0	76	93	74	91	2e-73	56.7	207
YP_001068559	YP_884847	93.33	15	1	0	96	110	99	113	2e-73	54.7	207
YP_001068559	YP_884847	80.00	15	3	0	24	38	13	27	2e-73	46.3	207
YP_001068559	YP_884847	75.00	16	4	0	125	140	128	143	2e-73	42.8	207
YP_001068559	YP_884847	90.00	10	1	0	40	49	29	38	2e-73	36.9	207
YP_001068559	YP_884847	75.00	12	3	0	112	123	115	126	2e-73	31.0	207
YP_001068559	YP_884847	85.71	7	1	0	196	202	199	205	2e-73	28.0	207
YP_001068559	YP_884847	87.50	8	1	0	157	164	160	167	2e-73	26.0	207
YP_001068559	YP_884847	100.00	5	0	0	143	147	146	150	2e-73	23.1	207
gene_10886|GeneMark_hmm|34_aa|+|22053|22154	gene_10886|GeneMark_hmm|34_aa|+|22053|22154	100.00	12	0	0	1	12	1	12	1e-05	33.2	34
gene_10886|GeneMark_hmm|34_aa|+|22053|22154	gene_10886|GeneMark_hmm|34_aa|+|22053|22154	100.00	11	0	0	1	11	1	11	1e-05	33.2	34
P13246	P13246	100.00	286	0	0	1	286	1	286	0.0	1012	286
gene_10887|GeneMark_hmm|96_aa|-|22208|22495	gene_10887|GeneMark_hmm|96_aa|-|22208|22495	100.00	37	0	0	48	84	48	84	6e-59	 137	96
gene_10887|GeneMark_hmm|96_aa|-|22208|22495	gene_10887|GeneMark_hmm|96_aa|-|22208|22495	100.00	37	0	0	48	84	48	84	6e-59	 137	96
gene_10887|GeneMark_hmm|96_aa|-|22208|22495	gene_10887|GeneMark_hmm|96_aa|-|22208|22495	100.00	22	0	0	1	22	1	22	6e-59	93.3	96
gene_10887|GeneMark_hmm|96_aa|-|22208|22495	gene_10887|GeneMark_hmm|96_aa|-|22208|22495	100.00	22	0	0	1	22	1	22	6e-59	93.3	96
gene_10887|GeneMark_hmm|96_aa|-|22208|22495	gene_10887|GeneMark_hmm|96_aa|-|22208|22495	100.00	38	0	0	48	85	48	85	1e-36	 137	96
Q49157	Q49157	100.00	195	0	0	1	195	1	195	0.0	 729	195
Q49157	YP_884847	83.67	49	8	0	85	133	99	147	9e-101	 140	195
Q49157	YP_884847	92.59	27	2	0	16	42	16	42	9e-101	97.0	195
Q49157	YP_884847	89.47	19	2	0	64	82	73	91	9e-101	64.6	195
Q49157	YP_884847	76.47	17	4	0	135	151	149	165	9e-101	54.3	195
Q49157	YP_884847	90.91	11	1	0	50	60	59	69	9e-101	42.5	195
Q49157	YP_884847	100.00	7	0	0	184	190	199	205	9e-101	32.2	195
Q49157	YP_884847	100.00	6	0	0	158	163	173	178	9e-101	24.9	195
Q49157	YP_884847	100.00	6	0	0	166	171	181	186	9e-101	23.9	195
Q49157	YP_884847	100.00	7	0	0	184	190	199	205	1e-04	32.2	195
Q49157	YP_001068559	91.43	35	3	0	65	99	76	110	3e-85	 119	195
Q49157	YP_001068559	87.50	16	2	0	114	129	125	140	3e-85	50.4	195
Q49157	YP_001068559	80.00	15	3	0	13	27	24	38	3e-85	46.0	195
Q49157	YP_001068559	84.62	13	2	0	178	190	190	202	3e-85	46.0	195
Q49157	YP_001068559	100.00	11	0	0	50	60	61	71	3e-85	45.5	195
Q49157	YP_001068559	84.62	13	2	0	139	151	150	162	3e-85	43.5	195
Q49157	YP_001068559	100.00	10	0	0	29	38	40	49	3e-85	39.6	195
Q49157	YP_001068559	83.33	12	2	0	101	112	112	123	3e-85	36.6	195
Q49157	YP_001068559	84.62	13	2	0	178	190	190	202	1e-08	46.0	195
Q49157	NP_214776	75.56	45	11	0	85	129	75	119	3e-73	 120	195
Q49157	NP_214776	76.19	21	5	0	135	155	125	145	3e-73	63.1	195
Q49157	NP_214776	75.00	20	5	0	41	60	31	50	3e-73	58.7	195
Q49157	NP_214776	73.68	19	5	0	64	82	54	72	3e-73	51.4	195
Q49157	NP_214776	91.67	12	1	0	16	27	6	17	3e-73	42.5	195
Q49157	ZP_02959935	88.89	9	1	0	39	47	26	34	2e-06	31.2	195
Q49157	ZP_02959935	85.71	7	1	0	53	59	40	46	2e-06	24.9	195
P23181	P23181	100.00	177	0	0	1	177	1	177	4e-176	 602	177
ZP_02959935	ZP_02959935	100.00	178	0	0	1	178	1	178	0.0	 672	178
ZP_02959935	Q49157	88.89	9	1	0	26	34	39	47	2e-06	31.2	178
ZP_02959935	Q49157	85.71	7	1	0	40	46	53	59	2e-06	24.8	178
YP_884847	YP_884847	100.00	210	0	0	1	210	1	210	0.0	 781	210
YP_884847	Q49157	83.67	49	8	0	99	147	85	133	2e-100	 139	210
YP_884847	Q49157	92.59	27	2	0	16	42	16	42	2e-100	96.8	210
YP_884847	Q49157	89.47	19	2	0	73	91	64	82	2e-100	64.5	210
YP_884847	Q49157	76.47	17	4	0	149	165	135	151	2e-100	54.2	210
YP_884847	Q49157	90.91	11	1	0	59	69	50	60	2e-100	42.5	210
YP_884847	Q49157	100.00	7	0	0	199	205	184	190	2e-100	32.2	210
YP_884847	Q49157	100.00	6	0	0	173	178	158	163	2e-100	24.8	210
YP_884847	Q49157	100.00	6	0	0	181	186	166	171	2e-100	23.9	210
YP_884847	Q49157	100.00	7	0	0	199	205	184	190	2e-04	32.2	210
YP_884847	YP_001068559	94.44	18	1	0	54	71	56	73	2e-72	69.4	210
YP_884847	YP_001068559	83.33	18	3	0	74	91	76	93	2e-72	56.2	210
YP_884847	YP_001068559	93.33	15	1	0	99	113	96	110	2e-72	54.2	210
YP_884847	YP_001068559	80.00	15	3	0	13	27	24	38	2e-72	45.9	210
YP_884847	YP_001068559	75.00	16	4	0	128	143	125	140	2e-72	42.5	210
YP_884847	YP_001068559	90.00	10	1	0	29	38	40	49	2e-72	36.6	210
YP_884847	YP_001068559	75.00	12	3	0	115	126	112	123	2e-72	30.7	210
YP_884847	YP_001068559	85.71	7	1	0	199	205	196	202	2e-72	27.8	210
YP_884847	YP_001068559	87.50	8	1	0	160	167	157	164	2e-72	25.8	210
YP_884847	YP_001068559	100.00	5	0	0	146	150	143	147	2e-72	22.9	210
YP_884847	NP_214776	80.95	21	4	0	96	116	72	92	2e-64	60.6	210
YP_884847	NP_214776	77.78	18	4	0	54	71	35	52	2e-64	57.2	210
YP_884847	NP_214776	68.00	25	8	0	119	143	95	119	2e-64	56.2	210
YP_884847	NP_214776	75.00	20	5	0	73	92	54	73	2e-64	54.2	210
YP_884847	NP_214776	76.92	13	3	0	15	27	5	17	2e-64	41.0	210
YP_884847	NP_214776	60.00	10	4	0	149	158	125	134	2e-64	28.7	210
YP_884847	NP_214776	88.89	9	1	0	160	168	136	144	2e-64	28.7	210
YP_884847	NP_214776	85.71	7	1	0	202	208	173	179	2e-64	27.8	210
NP_214776	NP_214776	100.00	181	0	0	1	181	1	181	3e-169	 579	181
NP_214776	YP_001068559	63.64	33	12	0	91	123	112	144	5e-74	70.8	181
NP_214776	YP_001068559	84.21	19	3	0	34	52	55	73	5e-74	63.4	181
NP_214776	YP_001068559	83.33	18	3	0	5	22	26	43	5e-74	58.5	181
NP_214776	YP_001068559	68.42	19	6	0	125	143	146	164	5e-74	52.1	181
NP_214776	YP_001068559	80.00	15	3	0	75	89	96	110	5e-74	46.2	181
NP_214776	YP_001068559	78.57	14	3	0	59	72	80	93	5e-74	42.2	181
NP_214776	YP_001068559	80.00	10	2	0	149	158	170	179	5e-74	30.9	181
NP_214776	YP_001068559	85.71	7	1	0	165	171	191	197	5e-74	23.0	181
NP_214776	Q49157	75.56	45	11	0	75	119	85	129	1e-73	 121	181
NP_214776	Q49157	76.19	21	5	0	125	145	135	155	1e-73	63.4	181
NP_214776	Q49157	75.00	20	5	0	31	50	41	60	1e-73	59.0	181
NP_214776	Q49157	73.68	19	5	0	54	72	64	82	1e-73	51.6	181
NP_214776	Q49157	91.67	12	1	0	6	17	16	27	1e-73	42.7	181
NP_214776	YP_884847	80.95	21	4	0	72	92	96	116	4e-65	60.9	181
NP_214776	YP_884847	77.78	18	4	0	35	52	54	71	4e-65	57.5	181
NP_214776	YP_884847	68.00	25	8	0	95	119	119	143	4e-65	56.5	181
NP_214776	YP_884847	75.00	20	5	0	54	73	73	92	4e-65	54.5	181
NP_214776	YP_884847	76.92	13	3	0	5	17	15	27	4e-65	41.2	181
NP_214776	YP_884847	60.00	10	4	0	125	134	149	158	4e-65	28.9	181
NP_214776	YP_884847	88.89	9	1	0	136	144	160	168	4e-65	28.9	181
NP_214776	YP_884847	85.71	7	1	0	173	179	202	208	4e-65	27.9	181
NP_753952	NP_753952	100.00	457	0	0	1	457	1	457	0.0	1687	457
